8.308926462793112533e-01
9.307477150357599260e-01
6.344753023575517847e-01
8.999028250434097931e-01
9.232214998363361680e-01
8.745229783199914841e-01
7.245647795732501617e-01
6.480090646836568213e-01
8.846536027085359910e-01
7.502870521802655901e-01
9.297562955159849318e-01
8.446812405430905724e-01
8.403174579960812629e-01
9.057224571753549336e-01
9.061075915760005151e-01
9.658736369966988144e-01
8.532526989821492824e-01
9.554652643438620307e-01
9.282357055342486118e-01
9.245566876395336919e-01
8.603534371996418573e-01
9.372345447497968385e-01
8.595468425389073408e-01
9.236827584245497214e-01
8.777994479991135801e-01
9.329874741873599442e-01
8.860509895089886401e-01
6.168500172019862893e-01
8.160421880758789159e-01
9.022763170979462011e-01
9.547964126869206147e-01
9.523313292172512767e-01
9.446580231010680562e-01
9.039571099961718481e-01
9.532538891641313406e-01
9.363001012640725929e-01
9.601668708397105290e-01
9.026392367563594865e-01
8.954113463860977618e-01
9.105756643540171558e-01
9.413508513539966538e-01
9.340536271390706968e-01
9.702805895488285648e-01
6.940539875911614365e-01
9.517218614669217258e-01
8.527177636745565392e-01
9.423726960767115912e-01
9.525481331537165586e-01
9.666042142070201404e-01
9.127636584862290903e-01
9.402172732960439872e-01
8.690596828008883001e-01
9.286758248678907979e-01
9.154815260578764713e-01
9.353805278399391909e-01
9.610974424855837084e-01
9.375778701516600533e-01
9.245340009136731041e-01
8.624885762029723679e-01
8.956237097338030084e-01
8.239058471435539710e-01
9.509077334356361710e-01
9.459293770049290728e-01
9.600835494792395730e-01
9.375060769915968262e-01
9.553684287414068166e-01
8.306014974930071570e-01
9.160572977218891522e-01
8.882439827651196218e-01
8.644786888361125632e-01
8.128073803458853996e-01
8.633232519187615805e-01
9.514491905851035769e-01
8.690643530431870767e-01
8.989337103566555909e-01
9.438115686664755311e-01
9.358168724712668807e-01
9.364499970247661675e-01
9.253269262163776876e-01
8.677401557666536425e-01
9.302216837694190499e-01
9.532192864918557218e-01
9.110821647477521656e-01
9.423226901150126844e-01
9.218097334902015660e-01
9.452090860420809815e-01
9.467955790962154783e-01
9.658115954671425696e-01
9.513624470042325587e-01
