0.932342
0.9131123
0.7183027
0.8900208
0.7987971
0.90674335
0.7817817
0.5625562
0.8892111
0.6946757
0.8665507
0.84721494
0.93136317
0.909218
0.88202095
0.9461188
0.92999715
0.906819
0.9346886
0.89536667
0.88313687
0.89101595
0.8662803
0.9146364
0.8687322
0.93678176
0.87224966
0.69399977
0.7599849
0.9038297
0.93121344
0.93129146
0.95942974
0.93623745
0.86057234
0.95165455
0.90733784
0.9182601
0.90904963
0.9410956
0.87714064
0.93141735
0.8533293
0.79636
0.946781
0.8575703
0.92323965
0.92341447
0.95772785
0.91166747
0.9270313
0.85411584
0.8811435
0.9272742
0.9153474
0.9019109
0.8839427
0.88925475
0.86129147
0.87189204
0.88878274
0.9054686
0.93604034
0.91437817
0.93991333
0.9400584
0.9248825
0.8586363
0.9044459
0.8883834
0.8833595
0.88340956
0.93105644
0.89332104
0.88782847
0.9101111
0.9510111
0.9058337
0.89340407
0.9005613
0.9405837
0.9164135
0.8526569
0.94770354
0.8982336
0.9053489
0.9354973
0.9319447
0.9022334
