0.9048891
0.91752046
0.8253121
0.9382568
0.935467
0.9419645
0.93226814
0.8601908
0.93284917
0.88646936
0.8998172
0.88604325
0.919588
0.8840585
0.9129087
0.9363766
0.9091598
0.9119736
0.9277027
0.91189706
0.8726717
0.8990153
0.89782435
0.9056908
0.90135473
0.89494735
0.88969123
0.8737833
0.8764659
0.8970222
0.9246674
0.9177262
0.9062323
0.92480046
0.93414766
0.96355146
0.91586435
0.92726153
0.9195398
0.89714766
0.9209388
0.9408085
0.94276273
0.903347
0.9230623
0.9080161
0.9062492
0.90665454
0.9246562
0.922274
0.9193288
0.9098622
0.9430983
0.9687069
0.92468333
0.9208311
0.91744584
0.9080881
0.9211397
0.9127201
0.90233725
0.9364954
0.90936404
0.88417804
0.9024444
0.88672465
0.91105694
0.9205417
0.89496607
0.899667
0.9110105
0.87899333
0.9299182
0.93820316
0.9013978
0.8971238
0.93693703
0.9072257
0.88593185
0.9003874
0.9191267
0.89564157
0.8805245
0.930125
0.9144711
0.90816677
0.93276566
0.90921205
0.9231134
