0.7586117
0.70656663
0.39495012
0.74093187
0.6969163
0.87049824
0.6282147
0.3381629
0.73483473
0.42416954
0.6588985
0.64006066
0.6537882
0.6053118
0.680997
0.75993633
0.67936796
0.69272673
0.7522537
0.6314237
0.529929
0.6562591
0.6017693
0.68790036
0.65988815
0.7000892
0.58629745
0.5186496
0.570692
0.6683911
0.7349533
0.7436262
0.742117
0.76563287
0.73825836
0.8320394
0.68903786
0.7667073
0.7474788
0.7814191
0.6528621
0.7765502
0.7188582
0.5856492
0.76075536
0.6317647
0.71174055
0.6588935
0.7298837
0.71800315
0.7235313
0.67408913
0.7503632
0.8015873
0.70932084
0.75304556
0.6245769
0.65470207
0.6786221
0.6919376
0.66339123
0.77062684
0.7340611
0.6863035
0.74437326
0.6821286
0.723023
0.6635381
0.68626785
0.66208476
0.6487013
0.6357509
0.7635129
0.71792704
0.7298944
0.67463464
0.78273594
0.7462445
0.632102
0.6066216
0.7374272
0.703023
0.57675076
0.786187
0.72457933
0.73812884
0.76542103
0.70079964
0.7155644
