0.96979696
0.9714143
0.9461005
0.96798426
0.950563
0.9886522
0.9318194
0.91427726
0.9744616
0.95769215
0.98217887
0.9670862
0.97552985
0.9671565
0.974759
0.9895261
0.9764636
0.990389
0.97998685
0.9748
0.9610584
0.9806983
0.958727
0.97852695
0.9736243
0.9784626
0.9737245
0.95206606
0.9722397
0.97943926
0.9837832
0.9867912
0.99112195
0.97783405
0.9841401
0.9890704
0.9819262
0.9742467
0.9695655
0.98692316
0.98225266
0.97784376
0.9834002
0.94396794
0.9823448
0.9647362
0.9826373
0.9783618
0.9822461
0.9793223
0.98422366
0.97646856
0.9809895
0.9739399
0.97579396
0.98068476
0.9662482
0.9760549
0.9742401
0.9821828
0.9697039
0.9870167
0.98857766
0.991812
0.98209906
0.99020225
0.9782654
0.97922
0.9847666
0.9593195
0.96706903
0.97093177
0.98618805
0.97172827
0.9756132
0.98897487
0.98304945
0.99181384
0.9773984
0.98005885
0.9814421
0.9856598
0.9761221
0.98130023
0.98766947
0.9884037
0.9873633
0.9876724
0.98389137
