0.9496595
0.928587
0.9421397
0.9452814
0.9109525
0.91798973
0.91109717
0.94495964
0.9319872
0.9642702
0.93464845
0.9677407
0.93962765
0.968928
0.97378683
0.9724059
0.97643375
0.9554263
0.95999223
0.957919
0.97697586
0.9234933
0.9597037
0.90923196
0.9758384
0.9725167
0.9223042
0.96844506
0.98394364
0.97082704
0.9380251
0.97033226
0.94619244
0.96793765
0.94425386
0.9404444
0.95447713
0.90806156
0.91763836
0.9764388
0.9696887
0.9111427
0.9339348
0.9684138
0.9549242
0.977568
0.976042
0.9781304
0.9742432
0.9700271
0.96859807
0.9488105
0.9389681
0.96795094
0.97598314
0.9651386
0.96792513
0.9755667
0.96556103
0.97037965
0.96533006
0.98599964
0.8960591
0.9830719
0.95355046
0.91695744
0.97072697
0.9776252
0.940807
0.96067065
0.96442586
0.97095585
0.96429974
0.96393883
0.95761955
0.9420264
0.9653785
0.9732658
0.94969445
0.9795159
0.95667756
0.97793394
0.9533175
0.9592262
0.95866114
0.9708537
0.9422893
0.96587855
