0.9699422
0.9695582
0.940007
0.9724069
0.9361548
0.98657763
0.9447457
0.9213978
0.9609126
0.9561075
0.98159444
0.9704969
0.9780474
0.9639514
0.9763545
0.98894924
0.97758055
0.98860615
0.98185885
0.97251225
0.962782
0.9811289
0.96202594
0.9763173
0.97163
0.9800586
0.97182363
0.9355566
0.96351826
0.9775021
0.9838453
0.9864988
0.98868805
0.9699213
0.980919
0.92436266
0.9527489
0.9175473
0.903796
0.88599986
0.8861947
0.9047467
0.92163545
0.934616
0.91791934
0.9594128
0.95414084
0.947097
0.9703819
0.967445
0.9593793
0.96570474
0.96093744
0.9370707
0.966672
0.9583866
0.9714199
0.9593005
0.96199197
0.96962786
0.9713673
0.94518006
0.93113244
0.97012943
0.9460928
0.9715247
0.96941465
0.96975374
0.95007455
0.9320039
0.94603753
0.95015204
0.9532444
0.92062396
0.96829486
0.9631149
0.9657423
0.9465856
0.9214203
0.9705803
0.942185
0.96663994
0.96301126
0.97325104
0.9693135
0.9702738
0.9577872
