0.93234205
0.9131124
0.7183027
0.89002085
0.79879713
0.9067433
0.78178155
0.5625562
0.88921106
0.69467574
0.8665507
0.8472149
0.9313633
0.8690652
0.888902
0.9388373
0.86749256
0.790237
0.92281187
0.89536667
0.89077145
0.88190216
0.8711828
0.7537388
0.81738675
0.86810726
0.7600691
0.69399977
0.657068
0.84986126
0.86818784
0.90166473
0.9010012
0.9362375
0.80868423
0.6734148
0.7022056
0.56439686
0.65524566
0.30767933
0.5528553
0.60303694
0.48876363
0.6659904
0.59947354
0.6885439
0.66944695
0.6561654
0.74537665
0.64583546
0.69124824
0.76126814
0.7270424
0.68489814
0.66044885
0.6512094
0.72407925
0.7701184
0.67828673
0.65653735
0.67798895
0.6378155
0.69744873
0.6362269
0.69520587
0.70753056
0.6430957
0.7720388
0.67817104
0.6027654
0.66790724
0.61056185
0.5647622
0.5762048
0.7387126
0.72309774
0.6737195
0.6395949
0.75749725
0.6920573
0.62004864
0.6532075
0.686647
0.6501615
0.60029364
0.71871984
0.75130403
