0.9262443
0.947431
0.91916007
0.9199863
0.91617084
0.9093496
0.9156394
0.9182202
0.930686
0.908489
0.95791763
0.9479263
0.94845426
0.9642098
0.96012264
0.95364267
0.960032
0.95834064
0.91088235
0.96090436
0.95759517
0.97060007
0.95497006
0.9624095
0.9696175
0.9676585
0.92450076
0.93605334
0.9683795
0.93171954
0.9704408
0.95903754
0.9669163
0.95705825
0.92658305
0.935585
0.94969314
0.94313323
0.9298444
0.96090525
0.9649111
0.9685988
0.94846106
0.9215841
0.97367656
0.94616246
0.966489
0.9632369
0.97290367
0.9670523
0.9697036
0.9455381
0.93983436
0.95079035
0.9680962
0.9616692
0.9634001
0.95135736
0.9637344
0.9603937
0.9531664
0.9581646
0.9731296
0.9343123
0.945643
0.9716836
0.92251486
0.96230114
0.9561024
0.95603055
0.96206975
0.95282304
0.95670545
0.960883
0.9398535
0.9566084
0.96439254
0.9770922
0.9607464
0.97871727
0.9768689
0.96577036
0.9658209
0.96400654
0.96512616
0.95368993
0.9581009
0.97193176
0.9686011
