0.9475222
0.929524
0.9355707
0.9394452
0.9127882
0.91353387
0.93270063
0.92945564
0.9426553
0.9611801
0.92659193
0.95979357
0.929298
0.95410043
0.9688782
0.97142124
0.9722732
0.9569924
0.9629363
0.95359695
0.9711621
0.9285647
0.953086
0.92753047
0.9685938
0.9684997
0.9113446
0.9640107
0.97833544
0.9697734
0.9348947
0.96085805
0.94581777
0.962966
0.9357226
0.9308853
0.9466979
0.9262214
0.9323392
0.9653573
0.9694361
0.9183985
0.92456913
0.96592116
0.95262176
0.9740873
0.97072464
0.9824154
0.9646204
0.967679
0.9616588
0.9438801
0.9324283
0.97330934
0.9725343
0.96042293
0.9659543
0.977076
0.96536416
0.9648585
0.96385926
0.979269
0.8913778
0.9744631
0.9455716
0.91687196
0.9656231
0.973293
0.9340251
0.9557254
0.9646103
0.9657326
0.9491939
0.9587475
0.95400125
0.9295089
0.9580943
0.97018915
0.93912333
0.971238
0.9567492
0.9759557
0.94819564
0.9572017
0.9458176
0.9650869
0.9361223
0.9565963
