0.6734148
0.7022056
0.56439686
0.65524566
0.30767933
0.5528553
0.60303694
0.48876363
0.6659904
0.59947354
0.6885439
0.66944695
0.6561654
0.74537665
0.64583546
0.69124824
0.76126814
0.7270424
0.68489814
0.66044885
0.6512094
0.72407925
0.7701184
0.67828673
0.65653735
0.67798895
0.6378155
0.69744873
0.6362269
0.69520587
0.70753056
0.6430957
0.7720388
0.67817104
0.6027654
0.66790724
0.61056185
0.5647622
0.5762048
0.7387126
0.72309774
0.6737195
0.6395949
0.75749725
0.6920573
0.62004864
0.6532075
0.686647
0.6501615
0.60029364
0.71871984
0.75130403
0.6369634
0.7257298
0.69860995
0.6833766
0.68950135
0.70596576
0.65613455
0.61710924
0.7223614
0.6439767
0.7121517
0.6944239
0.62832445
0.68271786
0.70912826
0.64782923
0.6873522
0.71189266
0.67352825
0.66607094
0.68899304
0.71357673
0.7145908
0.6931161
0.6900856
0.69367963
0.694995
0.70844847
0.74689025
0.62793076
0.5805894
0.69203377
0.6858003
0.7038753
0.72298634
0.61156696
0.66908693
