0.99710834
0.9977336
0.99404675
0.99740595
0.9979558
0.9975653
0.9966752
0.99203384
0.99607044
0.99620944
0.9965597
0.9932316
0.99703795
0.99702054
0.99650115
0.996058
0.9970334
0.9963989
0.99801534
0.99700564
0.99514765
0.9969372
0.99668163
0.9965705
0.99748874
0.9951735
0.99566007
0.9950041
0.9922604
0.9959588
0.99738175
0.99680567
0.99614877
0.9980876
0.9974584
0.9977129
0.99738604
0.9957128
0.99797666
0.9965437
0.9974346
0.99738926
0.9969205
0.9974656
0.997938
0.9962012
0.99492544
0.99698615
0.9969975
0.9971271
0.9978995
0.9976488
0.9983269
0.99930584
0.99695045
0.99121016
0.9945142
0.9906757
0.9931825
0.9962621
0.9974391
0.9977388
0.9951764
0.9958676
0.9937818
0.9950132
0.9979559
0.99808246
0.9969288
0.9965379
0.99717253
0.9941829
0.9978778
0.99753004
0.99308896
0.9923109
0.99754107
0.9942223
0.9968851
0.99237657
0.993485
0.994607
0.9957359
0.998142
0.99484175
0.9966706
0.9979226
0.9954835
0.9973576
