0.9407475
0.9631431
0.9212819
0.9211194
0.8999365
0.88545173
0.92669153
0.92667985
0.94125426
0.9178642
0.9649938
0.9638056
0.9511058
0.9638245
0.9590289
0.96429545
0.965349
0.9599794
0.92742056
0.96204805
0.9556353
0.97372806
0.9619806
0.9667433
0.97154117
0.9658063
0.95478034
0.944783
0.97504497
0.95229185
0.97084945
0.9696997
0.97671187
0.96195656
0.93549234
0.96022385
0.9586558
0.9551751
0.9465307
0.9599794
0.96524125
0.9651602
0.9631542
0.9298327
0.97323245
0.95503664
0.9644469
0.9621932
0.97181916
0.9744706
0.97277564
0.9570171
0.9449796
0.9447589
0.97717744
0.9729649
0.95741665
0.96295905
0.9711971
0.96442544
0.955574
0.963148
0.9760875
0.93739253
0.9439294
0.97090113
0.9363115
0.96395516
0.96712035
0.95818293
0.95324725
0.9602075
0.9675421
0.9707468
0.9398295
0.9602832
0.96308553
0.97696656
0.97099423
0.98137635
0.97922903
0.97418326
0.96898866
0.9712052
0.9714768
0.9628248
0.97044307
0.9733343
0.9732413
